testing consistency on 64 B
06:41:52.688717
06:41:52.708677
06:41:52.713587
06:41:52.718659
06:41:52.722061
06:41:52.726344
06:41:52.731594
06:41:52.735865
06:41:52.739735
06:41:52.743788
06:41:52.748188
06:41:52.752377
06:41:52.756094
06:41:52.760652
06:41:52.766051
06:41:52.770408
06:41:52.774684
06:41:52.779211
06:41:52.784281
06:41:52.791440
06:41:52.796798
06:41:52.801108
06:41:52.808624
06:41:52.814030
06:41:52.820527
06:41:52.823756
06:41:52.830735
06:41:52.835300
06:41:52.839968
06:41:52.843958
06:41:52.847962
06:41:52.852090
06:41:52.856734
06:41:52.861275
06:41:52.866718
06:41:52.870771
06:41:52.875397
06:41:52.880579
06:41:52.889793
06:41:52.894802
06:41:52.899740
06:41:52.906273
06:41:52.912328
06:41:52.916741
06:41:52.920865
06:41:52.925304
06:41:52.930231
06:41:52.935440
06:41:52.941555
06:41:52.946319
06:41:52.950168
06:41:52.956743
06:41:52.960070
06:41:52.963955
06:41:52.968871
06:41:52.973716
06:41:52.978581
06:41:52.983220
06:41:52.987817
06:41:52.994838
06:41:52.998626
06:41:53.005153
06:41:53.009491
06:41:53.014695
06:41:53.021506
06:41:53.026167
06:41:53.030434
06:41:53.033559
06:41:53.040274
06:41:53.047815
06:41:53.051675
06:41:53.057349
06:41:53.059958
06:41:53.065159
06:41:53.070222
06:41:53.077204
06:41:53.081560
06:41:53.084912
06:41:53.090609
06:41:53.093793
06:41:53.098160
06:41:53.102531
06:41:53.106900
06:41:53.111119
06:41:53.117450
06:41:53.121889
06:41:53.125965
06:41:53.131891
06:41:53.138593
06:41:53.143251
06:41:53.150172
06:41:53.154901
06:41:53.159736
06:41:53.162907
06:41:53.169614
06:41:53.172844
06:41:53.178402
06:41:53.182183
06:41:53.187007
06:41:53.191636
